*input sample for prediction*

objid:1237657627896450000
ra:122.4725359488
dec:29.4775464207
u:18.80104
g:18.79409
r:19.17904
i:19.46893
z:19.62121
run:2830.0
camcol:1.0
field:82.0
specobjid:5011613674718380000
redshift:0.0001133478
plate:4451.0
mjd:55537.0
fiberid:848.0